8.764743691132109049e+00 1.497536962729086341e+01
4.545778445909218313e+00 7.394332431706460262e+00
5.661841772908352333e+00 1.045327224311696668e+01
6.020055532521467967e+00 1.860759073162559929e+01
1.256729723000295529e+01 5.506569916803323750e+00
4.186942275051188211e+00 1.402615035721461290e+01
5.726706075832996845e+00 8.375613974148174989e+00
4.099899279500291094e+00 1.444273323355928795e+01
2.257178930021525254e+00 1.977895587652345855e+00
4.669135451288612515e+00 7.717803834787531070e-01
8.121947597697801058e+00 7.976212807755792555e-01
7.972277764807800260e-02 -1.938666197338206221e+00
8.370047062442882435e+00 1.077781799178707622e+01
6.680973199869320922e+00 1.553118858170866545e+01
5.991946943553537963e+00 1.657732863976965021e+01
5.641990155271871643e+00 1.554671013661827672e+01
-2.925147643580102041e+00 1.108844569740028163e+01
4.996949605297930752e+00 1.986732057663068707e+00
3.866584099986317025e+00 -1.752825909916766900e+00
2.626427441224858939e+00 2.208897582166075324e+01
5.656225833870900388e+00 1.477736974879376675e+01
-3.388227926726261607e-01 5.569311423852095544e+00
1.093574481611491223e+01 1.124487205516641275e+01
4.650235760178413003e+00 1.278869502885029341e+01
8.498485127403823114e+00 9.787697108749913610e+00
7.530467091751554598e+00 8.502325665434069535e+00
6.171183705302398792e+00 2.174394049079376856e+01
-9.333949569013078040e-01 1.594142490265068712e+00
-6.377004909329702542e+00 3.463894089865578341e+00
7.135980906743346175e+00 1.417794597480970609e+01
