3.780262939154388846e+01 8.157530411627247702e+01 1.000000000000000000e+00
9.238602393530250367e+01 2.822112170677009146e+01 0.000000000000000000e+00
1.536056443376121461e+00 2.817127865776532047e+01 1.000000000000000000e+00
2.867296761586059972e+01 4.400336651744015626e+01 1.000000000000000000e+00
7.179080275238949582e+01 8.093758109587567695e-01 0.000000000000000000e+00
4.183162419576513003e+01 6.843551243777011450e+01 1.000000000000000000e+00
2.333650105776384720e+01 2.791921195031819991e+01 1.000000000000000000e+00
7.468301799306242117e+01 1.333219705130309585e+01 0.000000000000000000e+00
7.062150758620504121e+01 7.349109048098501518e+00 0.000000000000000000e+00
9.242690943508804935e+01 5.051116435089490864e+01 0.000000000000000000e+00
4.693017015139135140e+01 8.525447448568453979e+01 1.000000000000000000e+00
8.174421716965149187e+01 3.266137113549688564e+01 0.000000000000000000e+00
6.430622544827593856e+01 8.289469478522026691e+01 0.000000000000000000e+00
1.727390877083303522e+01 3.234846505968730668e+01 1.000000000000000000e+00
7.471504083912195426e+01 2.525624080544275341e+00 0.000000000000000000e+00
1.335505437047328492e+01 9.231617994082324685e+01 1.000000000000000000e+00
7.960564011694226672e+00 7.850727589935154072e+01 1.000000000000000000e+00
3.622506719243888540e+01 5.725436512991549876e+01 1.000000000000000000e+00
9.946956886759605254e+01 1.137411139004761473e+01 0.000000000000000000e+00
5.206064663191914121e+01 4.658998098201028171e-01 0.000000000000000000e+00
9.907557997991625598e+01 3.876049019625011738e+01 0.000000000000000000e+00
6.313409448204762242e+01 7.512584400824127329e+01 0.000000000000000000e+00
3.936124355283403276e+01 6.932787500313226303e+01 1.000000000000000000e+00
2.004476892295108570e+01 3.738558045396134233e+00 0.000000000000000000e+00
5.334414632857574645e+01 8.671844064812363229e+01 1.000000000000000000e+00
3.033974730626565020e+01 4.557171990788405935e+01 1.000000000000000000e+00
7.535145414891042037e+01 7.029433254672230191e+01 0.000000000000000000e+00
7.750983320685715228e+01 1.606708825027025611e+00 0.000000000000000000e+00
9.940426288636156471e+01 8.362068344014572574e+01 0.000000000000000000e+00
5.203503553025350215e+01 9.741949980286183575e+01 1.000000000000000000e+00
7.454165913101722651e+01 9.111870123198525562e+01 0.000000000000000000e+00
3.601696117676934961e+01 6.735696884058435785e+01 1.000000000000000000e+00
7.240301939456261948e+01 7.795786624431599421e+01 0.000000000000000000e+00
5.651549869402447968e+01 4.494921662839887944e+01 0.000000000000000000e+00
8.076576105532373617e+01 9.209047412908651609e+01 0.000000000000000000e+00
2.813288661906791077e+01 5.082207272451343272e+01 1.000000000000000000e+00
6.830440312718913276e+01 7.462850413875166566e+01 0.000000000000000000e+00
7.039512855730734486e+01 6.474614237634725100e+01 0.000000000000000000e+00
7.545181563999058483e+01 9.341872219376166697e+01 0.000000000000000000e+00
8.403889316110119978e+01 3.556296708603703394e+01 0.000000000000000000e+00
7.436103153610015681e+01 6.174530712332633442e+01 0.000000000000000000e+00
9.198885798041318651e+01 8.403487886038185195e+00 0.000000000000000000e+00
5.083046341026257409e+01 8.117714507460910056e+01 1.000000000000000000e+00
6.035855578070184180e+01 2.223617134349023061e+01 0.000000000000000000e+00
1.317048584352992258e+01 7.251032275676308814e+01 1.000000000000000000e+00
5.345811896571854049e+01 1.945840655122409402e+01 0.000000000000000000e+00
3.706850220335887514e+01 7.474248695735890635e+01 1.000000000000000000e+00
8.868571656554384219e+01 4.024361885997499400e+01 0.000000000000000000e+00
6.512518549229363884e+01 7.232539634015651586e+01 0.000000000000000000e+00
1.037452229821700378e+00 2.668430357981147338e+01 1.000000000000000000e+00
1.342663686772009868e+01 4.870078271890322696e+01 1.000000000000000000e+00
1.535777208467659083e+00 1.319233273144277874e+01 1.000000000000000000e+00
4.021896562346782389e+00 2.355239519510416812e+01 1.000000000000000000e+00
2.829035946097180343e+00 9.745859663279067320e+01 1.000000000000000000e+00
9.677103594125580344e+01 6.159745264089519168e+01 0.000000000000000000e+00
6.017161855877240129e+01 6.840075404128495506e+01 0.000000000000000000e+00
7.881364432634740069e+01 9.903009892149373172e+01 0.000000000000000000e+00
1.694997726502540658e+01 9.762723323258555297e+01 1.000000000000000000e+00
9.604728345688420177e+01 7.812314132930063693e+01 0.000000000000000000e+00
2.739514458989934553e+01 1.617199144054222160e+01 0.000000000000000000e+00
6.865511746528508752e+01 2.821740282790587884e+01 0.000000000000000000e+00
6.163755229340826958e+01 1.852343053782723459e+00 0.000000000000000000e+00
7.181164849578595977e+01 5.976352973784974409e+01 0.000000000000000000e+00
4.415095564434894015e+01 6.739502136496902551e+01 1.000000000000000000e+00
9.023553084374155731e+01 8.103161061074722227e+01 0.000000000000000000e+00
4.286023460874006474e+01 9.098510700685046970e+00 0.000000000000000000e+00
8.326370960541080990e+01 8.059808266061236282e+01 0.000000000000000000e+00
2.099369737860661189e+01 3.202658388813276247e+01 1.000000000000000000e+00
9.353186372353839317e+01 3.539162269751825818e+01 0.000000000000000000e+00
2.324101359146347789e+01 6.633208860924088413e+01 1.000000000000000000e+00
3.852294638636255542e+00 1.337748357619999950e+01 1.000000000000000000e+00
4.140438878140982126e+01 8.683405284303239569e+01 1.000000000000000000e+00
1.615625040469678098e+01 8.788929829329053689e+01 1.000000000000000000e+00
3.411658710560504204e+01 7.013998725028903891e+01 1.000000000000000000e+00
1.322691401948579148e+01 7.718283872113063104e+00 1.000000000000000000e+00
6.684421147828774679e+01 8.018233044137124921e+01 0.000000000000000000e+00
7.575144858620788568e+01 7.074361200177185083e+01 0.000000000000000000e+00
3.403711121242758253e+01 6.300450819133992297e+01 1.000000000000000000e+00
5.914913673869952504e+01 1.856845240603606229e+01 0.000000000000000000e+00
9.110298894341583775e+01 3.765057518584880025e+00 0.000000000000000000e+00
7.488601768282345006e+01 2.764903088837191802e+01 0.000000000000000000e+00
1.540392765422509136e+01 6.000925670341460716e+01 1.000000000000000000e+00
8.741720639179753505e+01 7.242755419658902838e+01 0.000000000000000000e+00
3.834762765258899719e+01 7.886981239016844114e+00 0.000000000000000000e+00
4.950639905883067371e+01 6.210828428735845819e+01 0.000000000000000000e+00
9.707138775474837189e+01 2.033748128199596295e+01 0.000000000000000000e+00
7.320258100062366680e+01 3.818557195222305012e+01 0.000000000000000000e+00
9.476841596729163086e+01 5.679994172943922592e+01 0.000000000000000000e+00
2.452773815090397846e+01 5.471263898041477347e+01 1.000000000000000000e+00
7.707975834413782934e+01 2.727471235008572847e+01 0.000000000000000000e+00
7.131680169841104089e+00 6.498498801158547167e+01 1.000000000000000000e+00
3.740230851555121916e+01 8.849252190543623442e+01 1.000000000000000000e+00
9.414443100500218975e+01 3.267606229011530417e+01 0.000000000000000000e+00
8.717422635907344386e+01 5.407083930903583280e+01 0.000000000000000000e+00
4.280642048190911453e+01 3.211708544683992272e+01 0.000000000000000000e+00
1.852976244481599011e+01 8.692086808248134844e+01 1.000000000000000000e+00
6.960836363324682452e+01 9.874434568155172087e+01 0.000000000000000000e+00
6.363687533381763473e+01 8.252684023074040454e+01 0.000000000000000000e+00
8.712483310701269801e+00 4.517892169534067648e+01 1.000000000000000000e+00
6.407229129489276431e+01 5.326428786041083185e+01 0.000000000000000000e+00
